HandoffTracker line 660 char codes:
trimmed: color  active ? cfg.color   "#6B7280",
length: 38
charCodes: 99,111,108,111,114,32,32,97,99,116,105,118,101,32,63,32,99,102,103,46,99,111,108,111,114,32,32,32,34,35,54,66,55,50,56,48,34,44
contains [: "#6B7280"]: false
context around first #6B7280: |           color  active ? cfg.color   "#6B7280",
         |
context charCodes: 32,32,32,32,32,32,32,32,32,32,32,99,111,108,111,114,32,32,97,99,116,105,118,101,32,63,32,99,102,103,46,99,111,108,111,114,32,32,32,34,35,54,66,55,50,56,48,34,44,13,10,32,32,32,32,32,32,32,32,32

report page context around #1F1F25: |C55E#
                      ##1F1F25#,
         |
charCodes: 67,53,53,69,35,13,10,32,32,32,32,32,32,32,32,32,32,32,32,32,32,32,32,32,32,32,32,32,32,35,35,49,70,49,70,50,53,35,44,13,10,32,32,32,32,32,32,32,32,32